2043753
2030613
2030482
2001957
2029554
2000065
2030469
2020238
2020237
2000076
2018425
1990521
1994165
2010397
2009132
1990502
2000071
2000061
2000060
1994175
1994173
1991781
1991215
1990466
1990449
1972846
1987870
1989150
1972877
1989144
1987877
1987872
1987867
1972762
1987857
1987845
1972745
1972079
1983408
1972836
1972829
1972821
1972826
1972822
1967103
1972078
1971532
1971522
1970487
1939595
1934823
1961447
1961409
1961446
1961445
1960700
1913800
1913814
1913793
1959793
1954935
1960695
1947946
1912149
1934557
1928031
1913806
1912203
1931276
1911332
1911330
1911333
1911327
1909415
1911310
1911326
1911324
1911325
1905698
1911322
1894063
1899690
1911320
1907054
1911316
1911311
1911309
1904103
1887743
1891177
1887700
1880837
1880460
1880446
1880445
1874974
1880233
1870355
1880229
1874969
1880231
1870291
1874619
1875025
1880230
1875016
1875014
1874992
1874652
1874621
1872354
1846559
1844586
1800317
1828789
1800346
1800676
1800339
1783373
1765843
1783393
1789650
1770319
1783399
1765829
1754156
1783391
1776039
1783374
1770324
1769270
1765842
1732065
1765824
1765823
1748764
1730861
1730859
1718106
1730849
1730842
1717208
1730848
1716295
1730838
1716256
1725425
1723423
1716248
1722227
1716260
1718389
1716276
1716273
1716275
1716261
1703647
1712066
1703475
1693871
1691346
1639051
1646506
1646505
1691119
1675651
1675709
1668635
1646522
1638538
1630933
1663942
1666581
1651766
1663924
1641785
1627686
1625057
1625054
1625058
1625053
1625049
1625044
1625047
1625041
1625033
1621137
1625042
1616732
1616406
1606343
1625038
1625035
1625036
1625034
1621131
1621152
1621127
1617155
1616106
1602952
1604276
1604244
1604212
1604255
1591744
1601180
1591725
1601165
1597302
1595680
1590875
1584715
1591732
1584830
1591706
1591700
1591707
1591699
1585000
1589900
1586529
1584976
1584727
1568738
1584714
1568659
1584707
1583726
1580156
1581940
1567905
1573340
1578884
1567917
1568731
1560471
1568729
1550912
1568627
1567923
1567912
1567910
1563014
1563005
1563004
1541435
1560417
1560400
1535762
1550911
1549014
1535212
1548998
1548997
1526990
1548996
1541400
1535995
1526985
1528307
1527003
1526984
1526991
1526997
1526989
1526988
1526987
1523878
1526986
1526983
1521784
1526976
1526982
1526979
1526973
1526975
1490473
1526948
1523824
1523820
1523801
1475146
1471645
1505524
1492949
1492395
1468530
1487801
1489744
1492390
1468500
1480527
1475075
1480518
1468440
1468535
1468528
1468511
1468446
1468411
1468439
1468468
1468441
1468435
1468278
1468431
1468392
1468425
1468421
1468423
1468424
1464698
1468397
1468204
1468205
1463609
1468209
1467081
1464950
1464623
1464638
1464621
1426571
1426480
1434003
1426479
1426489
1429730
1426597
1429329
1426513
1426552
1414099
1426499
1426498
1426496
1386049
1424010
1426210
1426201
1415274
1399992
1412497
1400975
1386873
1386045
1385868
1354118
1328129
1328130
1370364
1383981
1370354
1368900
1322180
1354633
1333252
1311672
1328213
1290542
1328150
1328078
1311638
1311635
1305921
1285794
1287564
1278380
1285125
1278394
1285681
1278377
1268685
1278392
1278375
1278059
1278390
1278387
1278391
1267192
1278385
1278382
1270566
1267253
1267256
1265425
1246375
1254361
1246354
1250317
1238432
1214418
1194216
1213694
1216349
1217160
1202628
1216358
1216352
1195140
1215445
1213668
1213666
1202629
1196583
1189346
1189343
1188381
1183392
1174218
1183364
1148898
1154586
1183353
1181215
1179142
1127373
1174217
1136940
1127550
1174212
1172250
1164384
1151107
1154779
1127560
1123799
1126757
1105877
1111879
1111848
1102242
1085311
1085302
1062567
1085309
1076985
1061593
1085289
1050868
1039055
1084463
1082684
1082195
1082102
1046321
1063508
1054592
1054227
1053117
1046643
1050818
1039051
1039041
1039040
1013979
1038162
1015996
1014583
1038149
1023420
1026962
1006357
1022298
1022221
1002146
1002130
1020740
1018041
1017256
1002151
1002143
1002137
1002131
998847
998852
998838
998845
994177
978980
978999
983463
978766
993949
979345
990378
990350
989526
978810
989490
989488
983467
983006
978885
978808
978724
978502
978413
978468
978390
978404
963866
978350
966953
964422
963683
978174
963664
963800
963665
963676
963677
963721
963678
963668
963669
963667
963666
963662
963612
963603
963656
963655
963458
963661
963647
963644
963636
963618
963598
963529
960203
960130
963187
963195
963206
963227
963209
963197
963189
961008
911570
904988
960153
938092
867924
927452
938071
937549
920025
911434
896758
867961
874978
835181
896755
835186
873243
850141
835868
835196
843790
823215
835195
810278
830694
828184
825098
824701
809116
805462
821939
816437
809120
809114
809099
800583
801694
809078
805478
805457
805470
790318
799460
800501
785130
799013
771088
797265
799003
795391
789631
787256
765470
787748
743280
723295
765469
763566
763532
761411
761212
756219
671407
723298
745074
723293
653567
723282
633938
723291
723288
723279
689722
656281
654507
631851
602629
616963
604183
610279
609944
609949
602623
609921
609917
581193
602675
602633
524029
535797
581194
593127
593909
578391
566391
566182
547958
480589
546245
535933
453512
513684
528366
523893
514208
442700
512929
497549
489157
471013
480829
459945
440238
446416
435134
444085
442698
398237
438428
435104
434263
411252
351370
403195
401844
344559
398528
385051
342377
373230
342365
348855
337333
343843
343922
342867
348152
342373
342369
331951
340608
341704
318291
336201
320902
317170
320187
325131
322541
316575
319768
318975
295928
318111
317988
287220
317987
302434
312215
313664
312228
290464
289083
286929
258114
286836
286476
286471
251672
246590
279645
271211
267194
256887
239252
261738
257642
237230
251359
250530
250173
250076
239972
243128
239967
232800
210194
232761
214087
209877
227944
223331
221468
214974
201869
212406
211190
210210
193149
190645
204399
202151
202657
202146
202068
196091
164766
189578
186829
178705
144715
128206
172939
162105
151538
151534
151536
128322
151526
107927
108560
131555
131255
131259
119415
114582
115557
115661
107722
109556
107715
82232
100575
94557
91631
69724
65859
90764
86931
748
9240
17886
13016
29590
31791
41684
29591
4619
32897
614
41842
46607
55337
65487
65453
68143
69312
69503
77005
46425
51999
85201
70068
86476
